10 10
-214748360 -214748358 -214748361 -214748363 -214748360 -214748362 -214748360 -214748362 -214748359 -214748359
-214748357 -214748358 -214748359 -214748363 -214748364 -214748364 -214748362 -214748360 -214748356 -214748361
-214748365 -214748358 -214748358 -214748361 -214748365 -214748364 -214748357 -214748361 -214748362 -214748360
-214748364 -214748364 -214748363 -214748356 -214748363 -214748358 -214748360 -214748364 -214748358 -214748362
-214748361 -214748363 -214748360 -214748357 -214748356 -214748356 -214748364 -214748358 -214748356 -214748357
-214748362 -214748357 -214748355 -214748361 -214748359 -214748365 -214748365 -214748360 -214748363 -214748356
-214748358 -214748361 -214748360 -214748364 -214748365 -214748356 -214748359 -214748363 -214748359 -214748363
-214748362 -214748361 -214748356 -214748360 -214748360 -214748359 -214748360 -214748364 -214748362 -214748359
-214748359 -214748364 -214748359 -214748363 -214748363 -214748358 -214748358 -214748356 -214748359 -214748358
-214748359 -214748364 -214748362 -214748363 -214748360 -214748360 -214748361 -214748361 -214748361 -214748357
