10 10
214748364 214748356 214748355 214748355 214748354 214748363 214748363 214748363 214748356 214748357
214748362 214748363 214748360 214748360 214748356 214748355 214748358 214748360 214748354 214748357
214748358 214748360 214748364 214748357 214748361 214748358 214748362 214748364 214748364 214748356
214748360 214748361 214748356 214748362 214748359 214748361 214748355 214748358 214748359 214748359
214748363 214748358 214748363 214748360 214748361 214748358 214748357 214748355 214748364 214748354
214748356 214748362 214748360 214748360 214748357 214748356 214748354 214748359 214748360 214748354
214748358 214748364 214748356 214748357 214748361 214748354 214748361 214748361 214748358 214748360
214748363 214748360 214748361 214748357 214748354 214748359 214748358 214748359 214748363 214748360
214748358 214748359 214748360 214748354 214748360 214748361 214748364 214748364 214748360 214748358
214748355 214748360 214748358 214748357 214748356 214748359 214748355 214748361 214748360 214748358
