10 10
1081525830 786869117 -72645263 1391572824 1566291262 1155265164 -1106694311 -1189004357 1746023497 537181819
-683265367 -40758721 -144954946 303668505 688925158 1000897649 -2002070233 2099729418 -1050015747 1711258198
1574487115 1494644858 -813992170 -1223946691 -540021259 1062160840 172437592 -1035487953 2056953310 1191393609
-851423759 -1397760147 -1769786367 -1653480481 1927616427 -1384653656 -779004137 926261775 1902924278 1613235353
-478054708 1522416027 1066120585 313710457 409728636 1063033712 -750660514 -2097565077 2071419345 -1380067865
-725037583 -2121070738 1051864358 919203696 141500663 -406564088 -622785896 -1701912379 1452242645 2099676722
-1569016690 -877003888 -1339183715 2022509832 717211314 -2140715966 1691832345 359822087 1268906636 1170544366
-1580645027 -630160422 -646965632 1619765719 370339819 1056239239 -1520073895 1773689047 2141326347 2083655273
389808351 -406209032 539434707 -1871523312 -1427289559 726218505 11413999 -1622472590 -115667558 412462998
-1518746059 961250025 4818805 1570427866 1677503715 -82463793 674820993 1123481953 316436666 1220778306
